0.000010 0.000010 0.999980
0.000010 0.999980 0.000010
0.999980 0.000010 0.000010
0.234679 0.019501 0.745820
0.000010 0.999980 0.000010
0.999980 0.000010 0.000010
0.000010 0.000010 0.999980
0.628985 0.315512 0.055503
0.999980 0.000010 0.000010
0.000010 0.000010 0.999980
0.999980 0.000010 0.000010
0.000010 0.000010 0.999980
0.000010 0.999980 0.000010
0.000010 0.999980 0.000010
0.491079 0.459018 0.049903
0.000010 0.000010 0.999980
0.000010 0.999980 0.000010
0.000010 0.999980 0.000010
0.000010 0.934324 0.065666
0.000010 0.999980 0.000010
0.000010 0.999980 0.000010
0.628432 0.329575 0.041993
0.999980 0.000010 0.000010
0.000010 0.999980 0.000010
0.000010 0.999980 0.000010
0.000010 0.000010 0.999980
0.000010 0.999980 0.000010
0.000010 0.000010 0.999980
0.000012 0.000010 0.999978
0.000010 0.000010 0.999980
0.999980 0.000010 0.000010
0.000010 0.999980 0.000010
0.999980 0.000010 0.000010
0.000010 0.999980 0.000010
0.000010 0.999980 0.000010
0.000010 0.000010 0.999980
0.000010 0.999980 0.000010
0.000010 0.000010 0.999980
0.999980 0.000010 0.000010
0.000010 0.000010 0.999980
0.000010 0.999980 0.000010
0.999980 0.000010 0.000010
0.000012 0.000010 0.999978
0.666182 0.248012 0.085806
0.000010 0.000010 0.999980
0.999980 0.000010 0.000010
0.000010 0.999980 0.000010
0.197999 0.801991 0.000010
0.234709 0.000010 0.765281
0.000011 0.000010 0.999979
0.999980 0.000010 0.000010
0.000010 0.999980 0.000010
0.000010 0.999980 0.000010
0.198166 0.801824 0.000010
0.780235 0.140461 0.079304
0.000010 0.000010 0.999980
0.770204 0.136972 0.092823
0.999980 0.000010 0.000010
0.650216 0.300258 0.049526
0.000012 0.000010 0.999978
0.613871 0.335398 0.050732
0.181522 0.818468 0.000010
0.000010 0.999980 0.000010
0.000010 0.000010 0.999980
0.000010 0.999980 0.000010
0.000010 0.999980 0.000010
0.999980 0.000010 0.000010
0.608996 0.331564 0.059440
0.000010 0.999980 0.000010
0.000010 0.999980 0.000010
0.000010 0.999980 0.000010
0.999980 0.000010 0.000010
0.000010 0.000010 0.999980
0.000010 0.000010 0.999980
0.999980 0.000010 0.000010
0.961372 0.000010 0.038618
0.999980 0.000010 0.000010
0.000011 0.000010 0.999979
0.999980 0.000010 0.000010
0.000010 0.999980 0.000010
0.171627 0.828363 0.000010
0.999980 0.000010 0.000010
0.000010 0.999980 0.000010
0.999980 0.000010 0.000010
0.999980 0.000010 0.000010
0.000010 0.000010 0.999980
0.000010 0.999980 0.000010
0.000010 0.999980 0.000010
0.000010 0.999980 0.000010
0.000010 0.000010 0.999980
0.000010 0.000010 0.999980
0.000010 0.999980 0.000010
0.000010 0.000010 0.999980
0.214234 0.785756 0.000010
0.999980 0.000010 0.000010
0.999980 0.000010 0.000010
0.000010 0.000010 0.999980
0.000010 0.999980 0.000010
0.999980 0.000010 0.000010
0.999980 0.000010 0.000010
0.175766 0.000010 0.824224
0.000010 0.999980 0.000010
0.999980 0.000010 0.000010
0.000010 0.000010 0.999980
0.999980 0.000010 0.000010
0.337827 0.051665 0.610508
0.080543 0.919447 0.000010
0.000010 0.999980 0.000010
0.502971 0.105465 0.391564
0.005542 0.903958 0.090500
0.999980 0.000010 0.000010
0.882522 0.084354 0.033124
0.699886 0.147107 0.153007
0.999980 0.000010 0.000010
0.645999 0.302852 0.051149
0.650972 0.310895 0.038133
0.000010 0.999980 0.000010
0.000010 0.999980 0.000010
0.000010 0.999980 0.000010
0.999980 0.000010 0.000010
0.999980 0.000010 0.000010
0.732957 0.156740 0.110303
0.327435 0.065409 0.607156
0.651285 0.303650 0.045065
0.113851 0.886139 0.000010
0.749689 0.145263 0.105047
0.770253 0.159668 0.070079
0.910397 0.079470 0.010133
0.441542 0.129324 0.429134
0.999980 0.000010 0.000010
0.999980 0.000010 0.000010
0.094267 0.905723 0.000010
0.000010 0.999980 0.000010
0.299205 0.699328 0.001467
0.000010 0.999980 0.000010
0.000010 0.000010 0.999980
0.798332 0.130791 0.070876
0.999980 0.000010 0.000010
0.999980 0.000010 0.000010
0.764833 0.150530 0.084638
0.000010 0.000010 0.999980
0.000010 0.999980 0.000010
0.973425 0.002475 0.024100
0.754901 0.153928 0.091171
0.758180 0.149418 0.092402
0.445256 0.102115 0.452629
0.636280 0.290182 0.073538
0.999980 0.000010 0.000010
0.271089 0.718012 0.010899
0.869031 0.035056 0.095913
0.850812 0.065528 0.083659
0.999980 0.000010 0.000010
0.999980 0.000010 0.000010
0.999980 0.000010 0.000010
0.999980 0.000010 0.000010
0.836837 0.066287 0.096875
0.921393 0.018235 0.060372
0.965278 0.000010 0.034712
0.999980 0.000010 0.000010
0.834187 0.075784 0.090028
0.999980 0.000010 0.000010
0.935477 0.012637 0.051886
0.999980 0.000010 0.000010
0.999980 0.000010 0.000010
0.999980 0.000010 0.000010
0.999865 0.000010 0.000125
0.999980 0.000010 0.000010
0.915076 0.021944 0.062980
0.999980 0.000010 0.000010
0.999980 0.000010 0.000010
0.284272 0.706795 0.008933
0.986650 0.000010 0.013340
0.838488 0.073758 0.087755
0.999980 0.000010 0.000010
0.964208 0.000010 0.035782
0.950574 0.000010 0.049416
0.999980 0.000010 0.000010
0.999980 0.000010 0.000010
0.999980 0.000010 0.000010
0.999980 0.000010 0.000010
0.952248 0.000010 0.047742
0.999980 0.000010 0.000010
0.999170 0.000010 0.000820
0.956015 0.005679 0.038306
0.914563 0.019521 0.065916
0.735554 0.220429 0.044017
0.922791 0.000010 0.077199
0.999407 0.000010 0.000583
0.999980 0.000010 0.000010
0.937791 0.027037 0.035172
